== levels (arm A population) ==
level,alone_baseless,alone_based,prefix_based,exact_full_frames,exact_prefix_frames,cpu_ns_alone_baseless,cpu_ns_alone_based,cpu_ns_prefix_based
1,18932447,105339798,20007978,179,7349,127540000,716223000,306781000
3,18294359,101477038,18547871,6628,37513,153323000,853535000,393700000
5,17673884,97714732,16920142,222,6053,325209000,1859638000,811329000
9,17429995,95963936,16079041,235,6039,765540000,4341400000,2657130000
12,17151793,94629660,15848340,171,160,1719112000,10031257000,13321313000
15,16964669,93368901,15568049,102,10,2820309000,17758131000,16826557000
19,16912060,93024856,15500549,99,10,6330908000,42337228000,19463185000
22,16911572,93020213,15491974,99,9,6756651000,46161672000,35619740000
== levels_min ==
level,stored_bodies,flipped_to_full,cpu_ns
3,38086787,0,1373438000
9,34753589,1,7659675000
19,33657157,10,67412062000
== groups ordinary ==
level,stored_total,retained_frames,raw_total,cpu_ns,frame_total
1,1023947,72,3027326,5332000,1022795
3,1024981,72,3027326,6258000,1023829
5,1004550,72,3027326,14355000,1003398
9,967439,72,3027326,34432000,966287
12,963430,72,3027326,93923000,962278
15,899780,72,3027326,166152000,898628
19,876699,72,3027326,377332000,875547
22,876133,72,3027326,452427000,874981
== groups pooled ==
level,stored_total,retained_frames,raw_total,cpu_ns,frame_total
1,2047211,1706,4850523,12678000,2019822
3,2043563,1706,4850523,13080000,2016174
5,2003412,1706,4850523,20749000,1976023
9,2002083,1706,4850523,35050000,1974694
12,1946004,1706,4850523,141179000,1918615
15,1938295,1706,4850523,346729000,1910906
19,1932237,1706,4850523,652513000,1904848
22,1932237,1706,4850523,641567000,1904848
== window @9 ==
window_log,alone_baseless,prefix_based,cpu_ns_prefix_based
16,17435588,16967545,2776259000
17,17429995,16079041,2706844000
18,17429995,16079041,2692419000
20,17429995,16079041,2691888000
== roundtrip ==
level 9 windowLog 18 roundtrip_ok 44141 roundtrip_bad 0 stored 33509036
DONE
