schema	issue241-position-functional-v1
manifest_sha256	e12509411e225e6eea497dc08e3cc0730f1c2ab7ce3f104cfc232eb16c7f2b6a
case_id	10mib-overwrite-band04
offset	3057766
status	NOT_RUN	stopped after prior failure
