schema=layerfs-a02-unique-child-v1
layer=engine
batch=1
trace_digest=8f4077ec2a59c598debfdf47b201e4031c112427500cd699459ef4b5d291e3b6
observations_ns=1364458,1232333,1872000,1183000,863083,853458,946291,945833,974166,612500,1050542,838625,723833,971875,667750,788583,650583,864459,735875,591417,1021750,1057750,740416,977125,854625,903042,582083,857916,799083,667541,938458,799708,553250,579959,750250,653875,999833,610833,654375,618916,681458,631042,710000,588542,728167,887500,650292,1025541,688000,596250,678917,623958,676375,638125,605167,676542,589334,649042,635833,599000,975917,591375,687417,562708,575833,590667,642416,666958,803708,713708,670916,685125,643333,686625,491041,714084,541417,705791,735792,638750,762125,918459,592250,536167,667959,623834,583542,715709,986292,607500,639916,864792,745500,627875,499375,601917,549667,842291,604208,794875
statements=102
fetched_rows=432
auth_passes=432
role_decode_passes=432
object_bytes_read=8677167
objects_validated=432
payload_queries=102
payload_references=432
payload_batch_maximum=6
rope_nodes_read=0
namespace_nodes_read=0
inode_nodes_read=0
output_bytes=8671551
raw_rows=0
raw_canonical_bytes=0
sqlite_cache_hits=0
sqlite_cache_misses=0
q_terminal=0
