schema=layerfs-a02-unique-child-v1
layer=engine
batch=0
trace_digest=8f4077ec2a59c598debfdf47b201e4031c112427500cd699459ef4b5d291e3b6
observations_ns=1344083,1369625,1389958,967166,1111209,951208,802833,1156208,939125,925083,1327166,1077875,720709,757125,1072500,1062875,720583,602042,829041,699458,955833,1140083,697583,640792,898584,658583,615417,700792,854000,701833,615625,536791,637750,680167,1376041,617375,859958,584333,537417,547250,532208,571959,607084,728041,825959,714584,674458,1038625,643041,1082833,535708,763708,586416,580125,695583,761416,632458,613583,762083,655417,547417,578750,735875,681875,702000,600416,797375,589291,751500,663250,549083,903000,559667,764708,706791,648500,657666,657167,583208,616541,613250,742792,599500,748000,779666,633125,714583,657416,988667,503959,644416,549875,576750,621167,673125,787292,791041,654291,608000,1004083
statements=105
fetched_rows=435
auth_passes=435
role_decode_passes=435
object_bytes_read=8760488
objects_validated=435
payload_queries=105
payload_references=435
payload_batch_maximum=5
rope_nodes_read=0
namespace_nodes_read=0
inode_nodes_read=0
output_bytes=8754833
raw_rows=0
raw_canonical_bytes=0
sqlite_cache_hits=0
sqlite_cache_misses=0
q_terminal=0
