schema=layerfs-a02-unique-child-v1
layer=sdk
batch=0
trace_digest=8f4077ec2a59c598debfdf47b201e4031c112427500cd699459ef4b5d291e3b6
observations_ns=3089166,1547500,1557042,1187125,997167,926500,1245000,1030416,1150667,983666,1498500,1192917,776083,821959,1493708,952750,830208,859459,800500,845167,1140083,1099125,910166,762125,931041,777917,784708,990125,1065917,881458,913625,594875,888750,1021417,1302084,775500,1042667,746250,570833,718417,879542,633792,879041,648000,852250,713833,662875,1098833,680500,1070917,545625,789708,660250,633542,742833,817250,643542,678208,804458,723125,599583,593708,793875,628916,674000,631292,833875,629416,777000,661833,575333,942292,597542,819583,748125,638666,660041,679416,623750,636792,780625,718667,644750,582459,799417,678708,775916,642792,1024875,519167,656250,661583,748541,729958,718709,880125,847083,709709,666375,1021416
statements=219
fetched_rows=549
auth_passes=549
role_decode_passes=549
object_bytes_read=9298361
objects_validated=549
payload_queries=105
payload_references=435
payload_batch_maximum=5
rope_nodes_read=107
namespace_nodes_read=2
inode_nodes_read=2
output_bytes=6553600
raw_rows=0
raw_canonical_bytes=0
sqlite_cache_hits=0
sqlite_cache_misses=0
q_terminal=0
