schema=layerfs-a02-unique-child-v1
layer=sdk
batch=2
trace_digest=8f4077ec2a59c598debfdf47b201e4031c112427500cd699459ef4b5d291e3b6
observations_ns=3535250,2003209,1464458,1273750,1424542,1171208,1356250,1068875,1049125,783292,1830834,932583,1466084,1015542,1040166,1003334,926709,1170083,950416,1274959,930416,1040708,797791,939834,733250,1165375,972500,969875,1038209,1058250,768459,1057875,1025625,621875,962750,1076625,1270584,760500,767625,746667,1111958,781000,756125,698167,620041,670459,740417,707875,626542,809583,628083,975625,674334,695834,755125,642459,741208,627375,841125,571542,610167,689417,1016500,675542,713458,635167,790458,813667,716625,715958,599917,633667,733916,1047625,709000,709875,585500,821417,604792,585500,657542,733375,653667,790542,638875,626167,966167,613291,783916,713000,607083,748084,652750,656917,637375,628958,651291,699791,620292,877166
statements=211
fetched_rows=540
auth_passes=540
role_decode_passes=540
object_bytes_read=9127655
objects_validated=540
payload_queries=101
payload_references=430
payload_batch_maximum=6
rope_nodes_read=103
namespace_nodes_read=2
inode_nodes_read=2
output_bytes=6553600
raw_rows=0
raw_canonical_bytes=0
sqlite_cache_hits=0
sqlite_cache_misses=0
q_terminal=0
