schema=layerfs-a02-unique-child-v1
layer=raw
batch=2
trace_digest=8f4077ec2a59c598debfdf47b201e4031c112427500cd699459ef4b5d291e3b6
observations_ns=1417375,1345291,1318333,786791,1016125,673291,1061625,751584,593000,556792,1775208,684125,874917,469500,924292,812500,511375,762375,857125,783292,657000,616791,676375,752292,627291,1123000,640417,610041,745333,604875,515334,740417,655708,527500,618167,546292,738916,486167,539042,685166,807750,559000,502042,581000,679958,502333,523167,536709,460125,667042,496583,870041,756708,883667,673417,540125,566834,449875,533583,444958,482167,571167,886042,511125,607292,481250,733625,685000,564875,675000,484708,532958,503458,892666,542458,519083,439500,648000,577541,486292,674500,688042,534625,676917,535542,500917,839625,482083,593583,460625,510875,588500,571625,541875,573542,637542,634834,637167,518417,708291
statements=101
fetched_rows=0
auth_passes=0
role_decode_passes=0
object_bytes_read=0
objects_validated=0
payload_queries=101
payload_references=430
payload_batch_maximum=6
rope_nodes_read=0
namespace_nodes_read=0
inode_nodes_read=0
output_bytes=0
raw_rows=430
raw_canonical_bytes=8606758
sqlite_cache_hits=1903
sqlite_cache_misses=348
q_terminal=0
