schema=layerfs-a02-unique-child-v1
layer=raw
batch=1
trace_digest=8f4077ec2a59c598debfdf47b201e4031c112427500cd699459ef4b5d291e3b6
observations_ns=1214000,1103500,1771709,1140083,821792,863750,916458,927750,912250,551708,974333,860208,689417,888416,689833,712042,552084,839375,670791,507458,869375,976875,785375,908250,792250,839875,563750,772750,715958,590250,683500,668791,493333,464291,824208,621167,1073334,720375,593750,543083,594792,520125,581375,532750,619500,765417,557291,944250,779250,561583,597041,570083,581334,584459,506125,669917,597958,610167,557166,534792,981291,677667,683584,554209,638333,529625,541459,529333,658958,538000,537000,599333,527000,651667,504709,816125,559333,805458,785500,557291,673708,825458,513667,495250,592125,512875,508667,766041,1010083,568125,632083,792833,687208,551125,425792,519916,447042,797125,545375,790208
statements=102
fetched_rows=0
auth_passes=0
role_decode_passes=0
object_bytes_read=0
objects_validated=0
payload_queries=102
payload_references=432
payload_batch_maximum=6
rope_nodes_read=0
namespace_nodes_read=0
inode_nodes_read=0
output_bytes=0
raw_rows=432
raw_canonical_bytes=8677167
sqlite_cache_hits=1908
sqlite_cache_misses=354
q_terminal=0
