schema=layerfs-a02-unique-child-v1
layer=engine
batch=2
trace_digest=8f4077ec2a59c598debfdf47b201e4031c112427500cd699459ef4b5d291e3b6
observations_ns=1461250,1604875,1505417,898083,993333,721459,1172291,866583,674458,638333,1983541,778625,970834,563417,870875,838584,580125,858000,1009875,964792,731791,724292,764625,822167,700125,1080333,710208,708375,917709,751375,602917,819167,736250,578208,655167,600417,869041,566708,599291,598958,949416,646375,609541,702792,753000,577458,606583,637292,588875,769375,624166,1008500,802750,947625,748791,622583,597875,476666,595834,513542,570666,631375,1048583,592916,791125,653250,776291,734000,638167,718250,586000,597208,608625,982209,661959,670125,564333,866500,620041,592375,651958,712958,613625,780500,616875,584958,847666,610917,720625,647125,628333,758041,707625,650375,640166,622125,646750,664375,651125,869500
statements=101
fetched_rows=430
auth_passes=430
role_decode_passes=430
object_bytes_read=8606758
objects_validated=430
payload_queries=101
payload_references=430
payload_batch_maximum=6
rope_nodes_read=0
namespace_nodes_read=0
inode_nodes_read=0
output_bytes=8601168
raw_rows=0
raw_canonical_bytes=0
sqlite_cache_hits=0
sqlite_cache_misses=0
q_terminal=0
