schema=layerfs-a02-unique-child-v1
layer=raw
batch=0
trace_digest=8f4077ec2a59c598debfdf47b201e4031c112427500cd699459ef4b5d291e3b6
observations_ns=1502250,1390125,1521541,1138667,1455167,1151459,747125,1443584,1067583,948292,1690542,1164875,691875,687083,990000,1012042,608333,495000,782625,890917,1040083,1279375,621834,571459,798875,626500,585875,614541,680958,641750,589916,598042,617417,538208,1272750,506541,812959,488208,510000,465625,463083,492791,548959,677209,846959,588959,539334,956291,549458,983208,427583,659750,618958,499917,563875,639417,517750,520542,696958,523083,447542,484209,608750,683417,503500,509875,704083,509958,616542,499000,433500,820667,578375,704834,627708,531333,582625,580083,474208,482125,487375,583333,460333,609625,682542,573334,662000,578417,921417,414417,506166,436417,461708,524000,491708,628167,626209,537916,476917,858959
statements=105
fetched_rows=0
auth_passes=0
role_decode_passes=0
object_bytes_read=0
objects_validated=0
payload_queries=105
payload_references=435
payload_batch_maximum=5
rope_nodes_read=0
namespace_nodes_read=0
inode_nodes_read=0
output_bytes=0
raw_rows=435
raw_canonical_bytes=8760488
sqlite_cache_hits=1928
sqlite_cache_misses=352
q_terminal=0
