schema=layerfs-a02-unique-child-v1
layer=sdk
batch=1
trace_digest=8f4077ec2a59c598debfdf47b201e4031c112427500cd699459ef4b5d291e3b6
observations_ns=3143084,1235250,1909292,1601958,1311083,1108375,1224041,1108208,869792,640041,1426458,1162834,838417,1089000,781792,635166,882000,1156584,1029000,899792,820125,1102208,755042,1122250,945916,1102417,930667,902125,1093250,835208,1020833,1037542,896958,851167,947041,797458,1056166,672375,706375,893625,952834,764250,931833,684708,659583,989916,706875,1042792,700750,647833,758708,839541,722000,806709,728458,718208,619667,703750,691709,731041,1062375,679166,772959,617541,638083,736958,741209,683209,806334,846875,703500,678166,645000,712000,539000,626417,636417,760875,791500,621250,825291,1005542,680958,585791,691000,661958,579250,872542,1095667,688667,713916,838375,747500,692542,532292,619000,618500,920541,669583,829667
statements=213
fetched_rows=543
auth_passes=543
role_decode_passes=543
object_bytes_read=9203228
objects_validated=543
payload_queries=102
payload_references=432
payload_batch_maximum=6
rope_nodes_read=104
namespace_nodes_read=2
inode_nodes_read=2
output_bytes=6553600
raw_rows=0
raw_canonical_bytes=0
sqlite_cache_hits=0
sqlite_cache_misses=0
q_terminal=0
